TERMS 1 1622 -842150451

OPEN-JAW 1 870 -842150451

ACCEPTED 5 604 -842150451

BREAK/FARE 1 45 -842150451

UPGRADING 32 400 -842150451

FLIGHT- 1 1201 -842150451

FLIGHT/ 2 75 -842150451

FLIGHTS 15 78 -842150451

COMPLIED 4 465 -842150451

KOREA-REPOF-/ 1 1248 -842150451

CALCULATED 8 1063 -842150451

OPERATED 7 180 -842150451

COMPLETE 1 1122 -842150451

HOLDING 1 1356 -842150451

TPE-TYN/SJW 1 1579 -842150451

DIFFER 1 1661 -842150451

TRANSACTION-PER 1 1508 -842150451

QUALIFY 1 1435 -842150451

SAARC 3 673 -842150451

REISSUED/EXCHANGED 1 514 -842150451

EXPENSES 1 1346 -842150451

DUTY 1 1204 -842150451

DULY 3 761 -842150451

LEVEL/FARE/RULE/TAX/ 2 1265 -842150451

REBOOKING/ 1 1640 -842150451

REQUESTS 1 1046 -842150451

REBOOKING/REROUTING/REISSUANCE/UPGRADING/NO 1 1283 -842150451

SHOULD 25 228 -842150451

ACCOUNT/ADMISSION 2 1614 -842150451

DEPARTMENT 1 917 -842150451

ACCORDANCE 3 1433 -842150451

REST 2 1261 -842150451

TRANSPORTATION 40 154 -842150451

REFU 1 1628 -842150451

OAL 3 226 -842150451

O/B 3 157 -842150451

COMPONANTS 1 1076 -842150451

MACAU 1 988 -842150451

MADED 4 1462 -842150451

NON 67 159 -842150451

NOR 1 310 -842150451

NOT 454 54 -842150451

RBDS 1 972 -842150451

UNUTILIZED 1 1019 -842150451

NZD 1 632 -842150451

NO- 3 1332 -842150451

//DEPARTURE 2 284 -842150451

IN-CN/KR 1 939 -842150451

RULES/ 2 411 -842150451

YR- 1 1670 -842150451

RFND 1 969 -842150451

SERVICES 5 1040 -842150451

RECEIVE 1 1299 -842150451

HIGHTER 1 1108 -842150451

INTERNATIONAL/DOMESTIC 1 494 -842150451

FARE/APPLICABLE 1 718 -842150451

BOOKING 59 16 -842150451

CARRIERS 3 619 -842150451

BECOLLECTED 1 922 -842150451

S-/W-/V-/Q-/H-/U-/M-/B- 1 941 -842150451

CHECK-IN 2 447 -842150451

DENIED 4 985 -842150451

-FM/-FO 2 142 -842150451

CARRIAGE 3 1434 -842150451

REISSUE/REVALIDATION/EXCHANGE/NO-SHOW 1 1444 -842150451

CONTINUE 2 1528 -842150451

RANSPORTATION 1 1425 -842150451

CHANGE-INCL 1 1101 -842150451

REBOOKED 12 516 -842150451

HIGHEST 37 536 -842150451

REROUTE 9 403 -842150451

PASSENGER/ACCOMPANYING 4 1161 -842150451

REBOOKING/REISSUE/UPGRADING 3 1390 -842150451

-LGT 1 1443 -842150451

OCCUPYING 36 207 -842150451

CONFERENCE 1 1354 -842150451

1-CONSTRUCTIONS 1 1250 -842150451

PASSENGER/TRAVELLING 1 1016 -842150451

LOWEST 1 583 -842150451

UNSPECIFIED 3 1243 -842150451

LOWER/ 1 1620 -842150451

ALLOWS 2 1545 -842150451

CONFIRMED 61 52 -842150451

ROUTING/DATE/BOOKING 1 366 -842150451

PERMITTED/ 1 285 -842150451

ROUND-TRIP 4 1583 -842150451

ZEALAND 6 323 -842150451

-K3- 4 1511 -842150451

MIN/MAX 1 1237 -842150451

INTERLINING 6 1507 -842150451

FLIGHTS/DATE 1 221 -842150451

DEPARTURE-PARTIALLY 1 437 -842150451

RECALCULATE 2 99 -842150451

ARISING 1 781 -842150451

INCLUDED 6 220 -842150451

INCLUDES 4 1363 -842150451

BREAK 7 848 -842150451

AUTHORITIES 3 764 -842150451

SUPPORTING 2 743 -842150451

-REQUIRED-BETWEEN 1 1024 -842150451

-JL/AA/AY/BA/IB 1 624 -842150451

VISITING 1 593 -842150451

PARTLY 14 294 -842150451

LEVEL/FARE/RULES 1 233 -842150451

KOREA 6 349 -842150451

LOWER 48 185 -842150451

TICKET 399 187 -842150451

OUTSIDE 8 325 -842150451

EXCEPTION- 2 824 -842150451

EXCEPTIONS 2 1050 -842150451

SUBSEQUENTLY 3 1077 -842150451

VOLUNTARY 18 2 -842150451

RT/CT/OJ 1 1656 -842150451

J-/C-/D-/Z-/P- 1 1559 -842150451

COMPLY 7 1109 -842150451

COMPON 1 1505 -842150451

ADHERED 2 485 -842150451

DEATH/HOSPITAL 2 642 -842150451

CHANGE/OAL 2 1100 -842150451

SPELLING 7 340 -842150451

DATE/FLIGHT/ROUTING/BOOKING 5 364 -842150451

FARE/DEATH 1 1608 -842150451

APPLICATIONS 1 481 -842150451

APPLYING 1 1070 -842150451

TOURCODE 1 1464 -842150451

ROUND-TRIP/CIRCLE-TRIP/SINGLE 1 869 -842150451

FARE.THE 1 1651 -842150451

CURRENCY 17 89 -842150451

ELIGIBLE 4 791 -842150451

03-19FEB18 1 999 -842150451

-THE 1 558 -842150451

RETURN 19 287 -842150451

ALWAYS 3 689 -842150451

ENCOUNTERED 1 1092 -842150451

-AP- 2 1618 -842150451

-ANY 2 1269 -842150451

BEYOND 2 342 -842150451

LOCAL 10 650 -842150451

PLACED 1 1305 -842150451

PRECEDENCE 2 1533 -842150451

POSSIBLE 1 1668 -842150451

PREMIUM/FLEX 2 141 -842150451

RESERVATIONS/REFUND 1 749 -842150451

NAME/DATE/FLIGHT/ROUTE 1 1259 -842150451

JAWS 4 729 -842150451

PENALTY/THE 1 1636 -842150451

CANCELLATIONS 58 64 -842150451

CANCELLATION/ 2 1638 -842150451

FRIEND 1 980 -842150451

SUMMONS 1 1207 -842150451

CREDIT 15 506 -842150451

WHEREVER 1 1642 -842150451

E-TICKET 2 456 -842150451

RESERVATIONS 29 371 -842150451

STATUTORY 5 1066 -842150451

TRANSACTION 68 189 -842150451

RE-ISSUED 3 457 -842150451

/MYR/INR/AED/IDR 1 801 -842150451

PERCENT 2 1549 -842150451

ROUTINGS 1 1398 -842150451

ROUTING/ 7 335 -842150451

Y/SC 2 1277 -842150451

TAX/CHARGES 2 1121 -842150451

VOID 1 1043 -842150451

-REFUND 5 1353 -842150451

VISA 15 740 -842150451

SUBSEQUENT 19 841 -842150451

WHICHEVER 15 658 -842150451

ENTITLED 1 1153 -842150451

CENTER 1 1222 -842150451

CANCELLATION 136 148 -842150451

KIND 1 572 -842150451

CENTRE 2 391 -842150451

PUBLISHED 6 29 -842150451

EQUAL/LESS 1 1235 -842150451

BUDGET/SAVER 2 137 -842150451

SISTERS/ 1 1147 -842150451

RESULT 9 836 -842150451

AFTER 116 31 -842150451

ORIGIN 65 341 -842150451

ENDORSEMENT 4 1550 -842150451

CAUSED 1 1439 -842150451

-PENALTY 1 1365 -842150451

CREATE 2 866 -842150451

STANBY 1 1486 -842150451

MENTIONED 1 894 -842150451

DOCUMENTAION 2 732 -842150451

COLLECTION 9 654 -842150451

TIME/ 2 813 -842150451

TIMES 10 448 -842150451

REROUTING/DATE 2 1602 -842150451

THEREFORE 1 1669 -842150451

APPLICABLE- 1 1068 -842150451

MEMBER/TRAVELLING 1 819 -842150451

LETTERS- 1 877 -842150451

W-/V-/Q-/H-/U-/M-/B- 1 943 -842150451

CASES 25 166 -842150451

UNDER 31 491 -842150451

EGYPTAIR 1 1220 -842150451

ACCOMPANIED 1 1254 -842150451

GGAIRKLHOSPITAL 1 933 -842150451

TARIFF 5 722 -842150451

THIRD 2 1414 -842150451

BASED 6 230 -842150451

SURCHARGE/- 1 1406 -842150451

BASIS 26 46 -842150451

BASIC 12 442 -842150451

NON-COMMISISONABLE 3 701 -842150451

IMMEDIATE 28 123 -842150451

EXTENSION/BUSINESS 2 1593 -842150451

THESE 7 533 -842150451

THERE 20 937 -842150451

THEIR 7 201 -842150451

CANCEL/NO- 1 435 -842150451

STAY/BOOKING 1 407 -842150451

SUBPOENAED 1 1205 -842150451

REQUIRED 50 63 -842150451

FORWARD 1 513 -842150451

UNFLOWN 5 699 -842150451

ADMINISTRATIVE 5 1071 -842150451

PLUSYQ 1 1654 -842150451

REBOOKING 43 105 -842150451

CABIN 20 184 -842150451

SISTERS 2 1134 -842150451

CANADA 1 1502 -842150451

ADMINISTRATION 2 1407 -842150451

PERMITS 1 1665 -842150451

NORTH 6 906 -842150451

NON-REFUNDABLE 100 210 -842150451

CANNOT 4 522 -842150451

ADMIN 6 452 -842150451

SHORTEST 1 1236 -842150451

COMPARTMENT 1 1586 -842150451

CANCELLATION/REFUND/NO-SHOW 1 612 -842150451

WRITTEN 1 1666 -842150451

YRTLJ 1 314 -842150451

NOTED 1 1658 -842150451

NOTE- 1 1314 -842150451

WILL/SHALL 4 1062 -842150451

TICKETS-THE 1 970 -842150451

COLLECTED 120 357 -842150451

HOMEPAGE 1 1648 -842150451

MEANING 2 250 -842150451

EXTN/NO 1 1271 -842150451

TRANSFER 6 107 -842150451

EVEN 10 687 -842150451

EVER 1 1389 -842150451

RESULTS 25 595 -842150451

FATHER 3 1137 -842150451

REISSUE/EXCHANGE/NO-SHOW 2 1315 -842150451

ETC. 1 479 -842150451

CANCELED 2 398 -842150451

SHALL 19 246 -842150451

INFANTS 27 111 -842150451

TPE-KMG/LJG/XIY/INC/LHW 1 1578 -842150451

JAPANESE 1 935 -842150451

JAWS/ROUND 2 1333 -842150451

TICKETS- 2 1399 -842150451

TICKETIN 1 1400 -842150451

TICKETED 51 36 -842150451

ADDED 7 601 -842150451

MULTIPLE 5 1075 -842150451

TRAVEL 78 296 -842150451

BRAND 4 291 -842150451

RETURNED 5 537 -842150451

DATA 1 1599 -842150451

DATE 149 38 -842150451

CERTIFICATE- 1 1163 -842150451

SHOWN 22 430 -842150451

SHOWS 7 662 -842150451

SERVICE 132 324 -842150451

DESK 1 887 -842150451

CRITERIA 1 1344 -842150451

DIFF 6 272 -842150451

VISIT 5 1596 -842150451

GENERAL 5 1023 -842150451

THEREFUND 1 1157 -842150451

REGIONAL 2 1331 -842150451

DEPENDING 1 1432 -842150451

Q-SURCHARGE 1 892 -842150451

ERROR 1 1164 -842150451

INSERT 1 1564 -842150451

MEMBER/ 1 1014 -842150451

NEEDS 3 1470 -842150451

ISSUANCE/ 1 385 -842150451

ADULTS 2 461 -842150451

ADULT/ 1 677 -842150451

TRAVELED 1 770 -842150451

/AMOUNT/ 1 1096 -842150451

INCLUDING 20 467 -842150451

CHILD/INFANT 12 492 -842150451

PERMITTED 334 11 -842150451

UDING 1 1102 -842150451

DUBAI 5 907 -842150451

UNLIMITED 6 347 -842150451

THEREAFTER 1 1540 -842150451

RESULTING 3 1441 -842150451

YQ/YR 21 956 -842150451

TOGETHER 5 127 -842150451

REQUIRED-CALCULATE 1 1646 -842150451

REBOOKING/REISSUE/UPGRADING/MCO 1 1391 -842150451

SUBMITTED 5 482 -842150451

COUPONS 18 214 -842150451

COUPON- 2 394 -842150451

PENALTIES 33 114 -842150451

EACH 44 345 -842150451

EMISSION 1 919 -842150451

BLACKOUT 2 574 -842150451

NEWLY 2 486 -842150451

EAST 1 1483 -842150451

SCENARIO- 1 1458 -842150451

COMMENCMENT 1 1471 -842150451

PROCESS 1 1095 -842150451

BEFORE/AFTER 8 902 -842150451

INTERIM 1 1413 -842150451

REBOOKING/REROUTING/UPGRADING/REISSUANCE 2 1279 -842150451

SPECIAL 5 625 -842150451

EQUAL/HIGHER/LOWER 1 1264 -842150451

UNN/UNACCOMPANIED 2 1339 -842150451

OCCURS 7 695 -842150451

EXCLUDING 1 1647 -842150451

OCCUPY 1 839 -842150451

UNTICKETED 3 397 -842150451

REVISED 3 1117 -842150451

CREDITABLE 1 1301 -842150451

DURING 7 561 -842150451

HISTORICAL 23 281 -842150451

EVERY 1 628 -842150451

DAUGHTER 3 1142 -842150451

EVENT 24 242 -842150451

GOVERNED 8 539 -842150451

STOPOVER 11 108 -842150451

CONDUCTOR 3 1569 -842150451

INTERCHANGED 1 1476 -842150451

END-ON-END 6 797 -842150451

TRANACTION 1 1496 -842150451

INCREASE 3 1118 -842150451

CHANGE/PENALTY 1 1509 -842150451

SOUTHEAST 6 904 -842150451

REISSUE/EXCHANGE- 1 1177 -842150451

ABOVE 18 169 -842150451

HIS/HER 5 370 -842150451

REPRICING 4 609 -842150451

HISTORY 1 1498 -842150451

THROUGH 20 382 -842150451

DEDUCTED 3 507 -842150451

REASONS 2 703 -842150451

TICKE 1 1630 -842150451

-VU/-VO/-PX 1 865 -842150451

CANCELS 10 248 -842150451

CANCEL/ 1 1641 -842150451

AUTOMATIC 2 921 -842150451

EXTRA 7 684 -842150451

UNITS 6 1500 -842150451

MEDICAL 10 177 -842150451

IGNORE 6 1113 -842150451

CHANGE/CHANGE 1 1124 -842150451

ADD-ONS 1 1251 -842150451

SUBJECT 73 208 -842150451

CANCEL/NO-SHOW/REFUND 1 192 -842150451

FARE/BRAND 2 1166 -842150451

TOURS 1 1571 -842150451

TRAVELING 14 126 -842150451

BASIS/FARE 4 665 -842150451

CARIBBEAN 3 994 -842150451

DIFFERENT 13 872 -842150451

US/ZP/XF 3 806 -842150451

REFUNDABLE 163 160 -842150451

DEFINATION 1 1311 -842150451

DATE/FLIGHT/ 1 1475 -842150451

REPRISE/REISSUE 2 971 -842150451

GOVERNMENT 11 473 -842150451

-CANCELLATION 1 1011 -842150451

REROUTING 42 426 -842150451

BASIS/STOPOVER 3 337 -842150451

COMBINE 1 1082 -842150451

RELEVANT 4 567 -842150451

PREMIUM 4 646 -842150451

PROCESSSED 1 1044 -842150451

SECOND 1 1426 -842150451

PREMIER 1 1590 -842150451

PRIOR 170 57 -842150451

URALS 1 1484 -842150451

NONREF/PEX- 1 1527 -842150451

STORE 1 1650 -842150451

FLIGHT/DATE/ROUTING 1 1361 -842150451

WITHIN 184 26 -842150451

SGD/THB 4 799 -842150451

COMMEMCEMENT 1 1472 -842150451

DISCOUNTS 32 209 -842150451

ROUTING 12 76 -842150451

TAXES/SURCHARGES 1 719 -842150451

END-ON 2 1631 -842150451

CUSTOMERS 1 745 -842150451

ETC.WHICH 1 1595 -842150451

PRESENTED 10 1065 -842150451

TOTAL 10 361 -842150451

REASSESSED 2 546 -842150451

ADOPTED 3 1132 -842150451

DOMESTIC/ 1 960 -842150451

NONREBOOKABLE 1 1307 -842150451

RESERVATION 61 202 -842150451

SISTER 3 1139 -842150451

BRANDS 1 864 -842150451

BRANCH 1 1374 -842150451

VALIDTY 1 1419 -842150451

AGAINST 4 441 -842150451

REISSUE/EXCHANGE 8 555 -842150451

TO/FROM 5 903 -842150451

ONE-WAY/ROUND-TRIP/CIRCLE-TRIP/OPEN-JAW 1 867 -842150451

REISSUE/REPRISE 1 782 -842150451

REBOOK 8 1287 -842150451

CHANGED/CANCELLED 1 1297 -842150451

THOSE 1 1546 -842150451

COMMENCE 2 1002 -842150451

PERCENTAGE 1 1098 -842150451

NON-REFUNDABLE/THE 2 1526 -842150451

STILL 1 505 -842150451

RESOLUTION 2 1345 -842150451

FLOWN 23 73 -842150451

/HIGHEST/ 1 1657 -842150451

KEEPING 2 853 -842150451

EXCHANGED.REISSUE 1 1266 -842150451

SELLING 3 912 -842150451

EXTENTION 1 190 -842150451

TAIWAN/INDIA/SOUTH 1 809 -842150451

POINTS 4 1061 -842150451

OPTIMUM/CLASSIC 3 139 -842150451

PARENTS/SPOUSE/CHILD 1 842 -842150451

SUBCONTINENT/SOUTHEAST 1 1377 -842150451

TRAVELLED 17 420 -842150451

CHNAGES 1 715 -842150451

RELATED 2 487 -842150451

CHILD/INF 1 710 -842150451

TRANSFERABLE 1 1556 -842150451

VALIDATED 1 1479 -842150451

AREAS 1 891 -842150451

CODED 3 643 -842150451

CODES 2 1512 -842150451

BOTHNOSHOW 1 1639 -842150451

NOTIFICATION 6 1058 -842150451

PROOF 19 576 -842150451

PROMO 8 27 -842150451

CONVERTED 4 690 -842150451

DIRECT 1 565 -842150451

-CONFIRMED 1 1191 -842150451

PROVIDE 1 1270 -842150451

STAFF 1 896 -842150451

REBOOKING/REROUTING/UPGRADING 12 627 -842150451

REASON 3 702 -842150451
ROUND 13 721 -842150451

ROUTE 8 1119 -842150451

ON/AFTER 15 35 -842150451

ACCORDING 4 358 -842150451

TOWARD 2 1290 -842150451

AGENTCONNECT.BIZ 1 934 -842150451

STAND 1 825 -842150451

FORM. 1 1615 -842150451

[DATE] 129 290 -842150451

FOUND 2 489 -842150451

PERMITTED// 4 705 -842150451

PERMITTED-- 1 1183 -842150451

CONDITION 20 338 -842150451

-PROVIDED 1 532 -842150451

GGAIRKLDEATH/ 1 932 -842150451

PERMITTED.- 1 1367 -842150451

ANYTIME 6 525 -842150451

-NONREF/ZA 1 1451 -842150451

WHENEVER 1 1659 -842150451

-CL/-CO 2 140 -842150451

REBOOKING/REROUTING/ 2 1280 -842150451

SEG./// 1 270 -842150451

REFUNDABLE-THE 1 1525 -842150451

E/S/T 2 1655 -842150451

BOTH 16 466 -842150451

BOOK 2 694 -842150451

VALILDITY 2 1420 -842150451

ANOTHER 6 1557 -842150451

//CHANGES 2 276 -842150451

BECOMES 1 1156 -842150451

/GRAND 1 843 -842150451

INFORMATIONAL 1 1478 -842150451

MAKING 1 621 -842150451

DYNAMIC 1 1606 -842150451

/WHERE 2 812 -842150451

DEFINED 5 33 -842150451

DEPATURE 3 247 -842150451

100.00CAD/10000USD 1 978 -842150451

1/WHEN 1 531 -842150451

ECONOMY 6 647 -842150451

ALREADY 3 1431 -842150451

HAVING 3 885 -842150451

B-ALL 1 1212 -842150451

TPE/TSA/RMQ/KHH/TNN- 1 1575 -842150451

UNTIL 3 603 -842150451

PHILIPPINES 1 1249 -842150451

SUBMISSION 1 833 -842150451

NONREF/ZA 2 1448 -842150451

INBOUND 13 269 -842150451

INSURANCE 3 1013 -842150451

GROUP 1 1047 -842150451

HOWEVER 6 1053 -842150451

MEDICAL/DEATH 1 1130 -842150451

SECURITY 4 1030 -842150451

///INF 1 261 -842150451

FARES/TICKETS 2 493 -842150451

COUNTRY/CONSUMER 1 571 -842150451

CODE 20 365 -842150451

MINUS 1 1252 -842150451

DATE/FLIGHT/ROUTING 3 363 -842150451

ASSESS 3 396 -842150451

DEATH/ILLNESS 3 638 -842150451

COMPANIONS 2 820 -842150451

COMPANION/ 2 1192 -842150451

COMPANION, 1 1193 -842150451

ON/BEFORE 4 982 -842150451

COPY 4 736 -842150451

COST 6 1412 -842150451

ONWARD 1 1088 -842150451

REVALIDATIONS 1 379 -842150451

HOSPITAL 2 1613 -842150451

POINT 20 429 -842150451

U-KCO 1 776 -842150451

IMMIGRATION 1 742 -842150451

CONSTRUCTION 3 1245 -842150451

EXTENSION 3 832 -842150451

BACK 2 1275 -842150451

ADDTION 1 1312 -842150451

BASE 31 530 -842150451

AMOUNT 167 158 -842150451

ADHERING 1 1461 -842150451

REVALIDATION/REISSUE 7 319 -842150451

TICKETING- 1 1561 -842150451

GREATER 7 547 -842150451

DEPOSITED 2 551 -842150451

RESTRICTIVE 51 147 -842150451

ISSUING 5 320 -842150451

CHANNELS 1 748 -842150451

CHANGE-/FLIGHT 1 1103 -842150451

TRANS 1 1585 -842150451

RESTRICTION 1 1539 -842150451

CENTRAL 4 995 -842150451

REVALIDATED 3 1537 -842150451

///PLZ 1 266 -842150451

SPEEDBIRDCLUB.COM 2 1392 -842150451

TERMINAL 2 1035 -842150451

EMBEDDED 2 849 -842150451

YOUR 2 1394 -842150451

TRIPS 6 724 -842150451

JOURNEY/TOTALLY 1 1397 -842150451

APPLICAB 1 1320 -842150451

TAXES/FEES/CHARGES 2 1416 -842150451

AGENT 8 321 -842150451

SEATS 4 1081 -842150451

NAMIBIA 2 1260 -842150451

CUSTOMER 1 606 -842150451

AMOUNTS 4 488 -842150451

LIST 2 1074 -842150451

DATE/FLIGHT/CLASS 1 1623 -842150451

LIKE 3 1227 -842150451

DOCUMENT 3 744 -842150451

REFUND//CALCULATE 2 1350 -842150451

REISSUE/REVALIDATION 35 198 -842150451

KEPT 1 1619 -842150451

J/SC 1 1276 -842150451

KONG 1 987 -842150451

COMPANION/THE 2 1194 -842150451

ADDITIONAL 17 528 -842150451

BROTHERS/ 1 1146 -842150451

BALANCE 2 773 -842150451

FUNDS 2 550 -842150451

SHOWING 2 372 -842150451

EUROPE 2 1229 -842150451

CHANGE-IF 1 755 -842150451

YEAR 9 483 -842150451

CANCELLAION 2 1059 -842150451

CHILD-PENALTY 1 1154 -842150451

1/TRAVEL 1 1083 -842150451

STUDENT/VISIT 1 979 -842150451

-AND- 1 1180 -842150451

FAILURE 5 834 -842150451

COVER 1 1667 -842150451

AFFECTED 14 1186 -842150451

PORTION 14 316 -842150451

REVALIDATION 20 83 -842150451

COULD 1 1380 -842150451

COULE 1 1381 -842150451

CANCELLATION/REFUND 7 611 -842150451

DEPARTURE// 3 277 -842150451

LATER 21 298 -842150451

DEDUCTING 2 974 -842150451

CONSIDERED 4 672 -842150451

/SEK 1 1303 -842150451

LOCATION 1 918 -842150451

CALCULATE 10 315 -842150451

ANNOTATED 16 1447 -842150451

COMMENCEMENT 9 501 -842150451

LH/LX/OS/SN 5 1409 -842150451

COMPONENTS 43 179 -842150451

ONEWAY 3 968 -842150451

FEDERATION 1 1482 -842150451

NONREFUNDABLE 40 510 -842150451

AND/OR 5 1120 -842150451

SPACE 2 1199 -842150451

CREDIT/REFUND 2 1616 -842150451

AA.COM 3 1597 -842150451

THAILAND 1 1581 -842150451

VALID 40 171 -842150451

REDUCED 1 1112 -842150451

CARRIER 24 427 -842150451

CARRIED 2 512 -842150451

VALUE 23 434 -842150451

PERFORM 1 897 -842150451

SURCHARGES 14 495 -842150451

DEDUCT 10 769 -842150451

AMOUNT/FARE 2 410 -842150451

ORIGIN/DEST/STOPOVER 1 1359 -842150451

ALTERNATIVE 2 1536 -842150451

AMERICA 3 996 -842150451

WERE 3 1111 -842150451

WITH 147 133 -842150451

AIRLINE 9 355 -842150451

[TERMS] 498 56 -842150451

15PCT 1 1424 -842150451

WILL 277 67 -842150451

CODES- 3 805 -842150451

WICH 1 814 -842150451

OFFICE 7 389 -842150451

CANCEL/CHANGE 2 200 -842150451

GOODS 4 1039 -842150451

BEKSLJ 1 317 -842150451

INCORPORATE 2 392 -842150451

GEOGRAPHIC 3 1001 -842150451

M-KCO 1 775 -842150451

MEXICO 3 993 -842150451

EXTEND 1 1600 -842150451

ISSUANCE 19 302 -842150451

/REVALIDATION/ 1 387 -842150451

CODESHARE 4 716 -842150451

ADVANCE 9 404 -842150451

NON-INTERLINEABLE 1 957 -842150451

APPLICATION 14 656 -842150451

PROCESSED 8 916 -842150451

SOUTH 13 787 -842150451

DATE/FLIGHT 4 1267 -842150451

INVOLVING 1 1544 -842150451

MINIMUM 2 1240 -842150451

REQUIREMENTS 3 1239 -842150451

PPLICABLE 1 1402 -842150451

EVIDENCED 20 641 -842150451

MANUAL 3 898 -842150451

HALF-ROUND 1 1664 -842150451

WHEN 192 0 -842150451

WHIC 1 874 -842150451

PRINCIPLE 1 557 -842150451

EXCLUDED 2 167 -842150451

RE-ISSUE 2 1436 -842150451

SECTOR 81 610 -842150451

STATES 1 1373 -842150451

CLASS/FLIGHT 1 367 -842150451

GOVERNS 4 1582 -842150451

BEGINNING 1 1530 -842150451

IGNORING 1 1127 -842150451

ARGENTINA 3 915 -842150451

STICKER 1 1565 -842150451

PARENTS 3 846 -842150451

ENTRIES 1 900 -842150451

STOPOVERS1 1 1493 -842150451

IRRESPECTIVE 1 1459 -842150451

2/REISSUE 2 339 -842150451

CANCELLED 151 55 -842150451

ORIGINATING 7 983 -842150451

WITHOUT 74 112 -842150451

PSGRS 2 1091 -842150451

CHANGE/REISSUE 3 1510 -842150451

MILITARY 1 1291 -842150451

CONDITIONS 79 130 -842150451

OPTIMA 1 856 -842150451

BALNCE 1 771 -842150451

ENDORSEMENTS 2 1551 -842150451

SHOW/REFUND 1 436 -842150451

FULLY 20 587 -842150451

PURCHASER 1 830 -842150451

PURCHASED 6 581 -842150451

FUEL- 1 1012 -842150451

PARTIALLY 30 633 -842150451

OW/RT 4 1430 -842150451

OLDER 1 1256 -842150451

EXEMPTED 4 1216 -842150451

EQUIVALENT 15 182 -842150451

WAIVING 2 855 -842150451

REISSUED- 1 1653 -842150451

FIELD 4 645 -842150451

PRICING 66 150 -842150451

CHANGE/CANCELLATION/NOSHOW 4 709 -842150451

FOLLOWING 15 165 -842150451

PREVIOUS 39 283 -842150451

BASIS-SEASON 2 1379 -842150451

NOTATION 1 1660 -842150451

APPLIES 250 50 -842150451

APPLIED 48 238 -842150451

CHAGES 1 1617 -842150451

ASSOCIATED 2 543 -842150451

DESIGNATED 2 766 -842150451

DESIGNATOR 2 1547 -842150451

SEASONALITY 1 1487 -842150451

MODIFICATION 9 362 -842150451

ACCORDINGLY 1 1531 -842150451

RE-PRICED 6 1515 -842150451

PERSON 17 676 -842150451

REISSUE 100 82 -842150451

REGULAR 3 926 -842150451

90 1 1304 -842150451

-- 2 1410 -842150451

2- 1 225 -842150451

G1 2 1226 -842150451

F2 2 1225 -842150451

HE 1 779 -842150451

HK 1 1004 -842150451

IT 2 1094 -842150451

IF 243 95 -842150451

IN 490 88 -842150451

H- 1 948 -842150451

IS 421 4 -842150451

// 16 25 -842150451

10 4 439 -842150451

1/ 2 1341 -842150451

15 1 1423 -842150451

12 1 1255 -842150451

1- 1 222 -842150451

31 1 1025 -842150451

1S 1 889 -842150451

1G 1 888 -842150451

RECALCULATED 19 416 -842150451

///// 2 259 -842150451

HIP/MILEAGE 1 1049 -842150451

ADULT/CHILD 2 608 -842150451

E- 1 895 -842150451

BE 686 68 -842150451

CZ 2 746 -842150451

B- 1 1210 -842150451

B/ 2 218 -842150451
CP 1 1021 -842150451

CH 1 1548 -842150451

CA 3 795 -842150451

DO 8 199 -842150451

DL 1 540 -842150451

DE 1 559 -842150451

EY 1 1499 -842150451

EX 4 786 -842150451

ET 1 1497 -842150451

EI 2 1257 -842150451

BY 84 6 -842150451

BX 2 589 -842150451

BR 2 1635 -842150451

DU 3 955 -842150451

JP 2 752 -842150451

JL 2 750 -842150451

JN 2 1224 -842150451

KE 2 181 -842150451

KR 3 751 -842150451

K3 1 1228 -842150451

LI 1 1231 -842150451

LE 1 1321 -842150451

ME 2 1033 -842150451

A- 1 1209 -842150451

A/ 1 217 -842150451

AT 122 354 -842150451

AU 3 80 -842150451

AS 95 34 -842150451

AY 2 1328 -842150451

AL 1 1323 -842150451

AP 5 237 -842150451

AN 36 738 -842150451

AC 4 592 -842150451

AI 1 1442 -842150451

AA 6 395 -842150451

1-THE 1 1627 -842150451

UNUSED/ 1 831 -842150451

FORFEIT 10 585 -842150451

PORTIONS 1 1349 -842150451

SWEDEN 5 909 -842150451

VN 2 1385 -842150451

VS 3 1234 -842150451

W- 1 942 -842150451

V- 1 944 -842150451

AIRLINES 13 219 -842150451

PROCEDURE 1 293 -842150451

US 6 803 -842150451

UP 21 373 -842150451

TA 1 1213 -842150451

TO 615 44 -842150451

SQ 2 388 -842150451

RT 6 419 -842150451

U- 1 950 -842150451

UK 1 1005 -842150451

PA 1 1027 -842150451

S- 1 940 -842150451

SK 5 859 -842150451

OW 21 418 -842150451

OZ 9 542 -842150451

ON 220 12 -842150451

OR 337 14 -842150451

NH 1 954 -842150451

Q- 1 946 -842150451

NZ 8 79 -842150451

NO 380 43 -842150451

NT 1 1519 -842150451

OF 1203 22 -842150451

OD 6 975 -842150451

YR 19 566 -842150451

YQ 22 311 -842150451

YY 3 725 -842150451

XP 2 644 -842150451

Z- 1 952 -842150451

VALIDATE 1 1592 -842150451

//FOR 4 295 -842150451

RRTG/NO 1 1272 -842150451

SPOUSE/ 1 1143 -842150451

IROE/FUEL 4 231 -842150451

POINT/STOPOVER/FARE 4 1268 -842150451

NON-CHANGEABLE 1 1555 -842150451

-NONREF/EXC- 1 1524 -842150451

CARRIER/FARE/FARE 3 336 -842150451

DISCOUNT 25 60 -842150451

FINNAIR 1 1086 -842150451

ANY/SHALL 1 1529 -842150451

SURCHARGE/EXCHANGE 2 412 -842150451

RESERVATIONS/TICKETING 2 405 -842150451

RECALCULATING 1 1644 -842150451

//// 2 1408 -842150451

COMPANION 9 640 -842150451

PERIOD 8 817 -842150451

SALES 5 1221 -842150451

INTERNET 1 1152 -842150451

DIFFERENTIAL 3 1055 -842150451

ADDITION 14 204 -842150451

AVAILABLE 21 449 -842150451

MEMBER 50 125 -842150451

REISSUEANCE 1 1107 -842150451

YR/FUEL 1 499 -842150451

IROE/FARE 6 318 -842150451

CLASSES 2 227 -842150451

FARE/RULES 1 1460 -842150451

OTHER 58 213 -842150451

NEITHER 1 309 -842150451

GERMAN 2 1028 -842150451

REJECTIONS 1 1017 -842150451

SEGMENTS 9 835 -842150451

POINT/STOPOVER 1 41 -842150451

REJECTION 10 741 -842150451

SHA/PVG/YNZ/WUX/NKG/NGB/XUZ/KHN/HFE/TAO 1 1574 -842150451

USING 62 280 -842150451

AUSTRALIA 7 910 -842150451

BANKERS 3 911 -842150451

PREFIX 9 135 -842150451

IGNORED 2 518 -842150451

-REISSUE 1 1440 -842150451

POLICE 2 1037 -842150451

POLICY 6 1184 -842150451

INDIVIDUALLY 1 460 -842150451

SURCHARGE 28 268 -842150451

ASIAN 1 1376 -842150451

NOSHOW- 1 778 -842150451

COMPUTE 3 733 -842150451

US/ZP 1 959 -842150451

PENNALTY 3 1313 -842150451

NO.1169 1 1293 -842150451

TICKET.THAT 1 301 -842150451

EXCHANGE 11 548 -842150451

NON-REF 4 1360 -842150451

AVAIL 1 1488 -842150451

KEW3000 1 353 -842150451

COUNTS 1 402 -842150451

MYR/INR/AED/IDR 3 800 -842150451

-/EXEMPT 1 1405 -842150451

COMBINATION 30 197 -842150451

A-ALL 1 1211 -842150451

FLIGHTS/DATES 2 822 -842150451

RELATIONSHIP 1 1612 -842150451

INDIVIDUAL 1 286 -842150451

ACTUAL 7 691 -842150451

LEGALLY 2 807 -842150451

COUPON 34 87 -842150451

STOPOVERS 6 343 -842150451

PROVISIONS 38 249 -842150451

COMBINING 46 143 -842150451

A/PENALTY 2 170 -842150451

DOMESTIC/TRANSBORDER 1 1197 -842150451

PLEASE 5 961 -842150451

UNUSED 61 256 -842150451

STATION 1 1008 -842150451

USED/ 1 523 -842150451

-CHARGE 1 1090 -842150451

USDED 3 1319 -842150451

TIME/IN 1 990 -842150451

NOTE 9 490 -842150451

CALLED 1 1202 -842150451

HJN-/BJN-/UJN 1 1446 -842150451

NON- 24 424 -842150451

NONE 2 614 -842150451

FORM 16 503 -842150451

STANDARD 1 1491 -842150451

ONE-WAY 2 772 -842150451

COMBINED 23 193 -842150451

TPE/KHH/TNN-WUH 1 1572 -842150451

PROGRAM 2 1295 -842150451

REBOOKING/REROUTING/REISSUANCE/ 3 667 -842150451

FREE 49 94 -842150451

ORDER 1 881 -842150451

FLEX 2 883 -842150451

FROM 81 106 -842150451

ROUNDTRIP 7 145 -842150451

//DOES 1 375 -842150451

EFFECTIVE 3 102 -842150451

EXECUTED 4 762 -842150451

-CHANGE 17 626 -842150451

BEFORE 328 39 -842150451

AVIATION 2 1029 -842150451

ORIGIN/DESTINATION 2 1007 -842150451

RULES 35 245 -842150451

RULE/ 1 240 -842150451

BEFOER 1 360 -842150451

UNITED 1 1372 -842150451

SECTORS 30 350 -842150451

PASSENGER/OR 1 1195 -842150451

ORIGINALLY 17 243 -842150451

-WITHOUT 1 1473 -842150451

CALLING 1 591 -842150451

UTILISED 4 1080 -842150451

1/BEFORE 2 1645 -842150451

ALGERIA 2 913 -842150451

PASSPORT 1 737 -842150451

PROVIDED.NO 1 1187 -842150451

UTILIZED 10 965 -842150451

ALLOWED 15 253 -842150451

CARRIER/FARE 4 1378 -842150451

ASSESSED 7 1217 -842150451

FEE/ 1 1663 -842150451

GRANDPARENTS 2 1135 -842150451

FEES 51 453 -842150451

THEREOF 3 760 -842150451

CHARGE 445 61 -842150451

GRANDPARENTS/ 1 1148 -842150451

DIFFERENCE 180 69 -842150451

PURCHASE 16 468 -842150451

U-/M-/B- 1 951 -842150451

CHANGE 374 3 -842150451

EARLIER/LATER 1 1358 -842150451

STANDBY 1 1492 -842150451

TICKETS// 1 308 -842150451

REFUND 400 65 -842150451

SEGMENT/S 1 837 -842150451

SOUTHWEST 2 1375 -842150451

REISSUANCE/UPGRADING 3 1281 -842150451

PAYING 5 683 -842150451

OPERATIONS 1 914 -842150451

BOOKING/CHECKING-IN 1 451 -842150451

DOES 35 205 -842150451

ITINERARIES 1 1160 -842150451

SQ/MI 1 383 -842150451

DONE 18 564 -842150451

GOVT 1 1067 -842150451

KEW2000 1 352 -842150451

WESTJET.COM 2 976 -842150451

TICKETING 23 129 -842150451

LOWER/EQUAL 1 1263 -842150451

COMMISSIONABLE 6 462 -842150451

AMENDED 1 1342 -842150451

SCHEDULE 1 1605 -842150451

COUNPONS 1 1286 -842150451

BEEN 9 1060 -842150451

COMPONANT 1 873 -842150451

UPGRADES 6 1589 -842150451

UPGRADED 22 264 -842150451

UPGRADE, 1 1189 -842150451

CHNG 10 21 -842150451

TURNAROUND 1 1285 -842150451

CHRG 4 274 -842150451

DEFINITION 1 777 -842150451

CHG/REISSUE 6 704 -842150451

CONDITION/FARES 1 224 -842150451

CASE 151 104 -842150451

CALL 3 390 -842150451

FARE 844 30 -842150451

QUALIFIES 2 1072 -842150451

FAER 1 1105 -842150451

CONCERNED 2 359 -842150451

HOSPITALISATION 1 1610 -842150451

HIGHER 147 15 -842150451

CIRCLE 1 1567 -842150451

SEGMENT 21 458 -842150451

HIERARCHY 3 183 -842150451

LAW/GRAND 1 845 -842150451

TPE/TSA/RMQ/KHH- 1 1573 -842150451

SECTION 3 962 -842150451

FLEXIBLE 3 1591 -842150451

REBOOKABLE 2 1316 -842150451

MISCELLANEOUS 4 1241 -842150451

ORGINALFARE 1 1079 -842150451

SYSTEM 4 326 -842150451

HONG 1 986 -842150451

COMMENCED 9 331 -842150451

REP.OF 1 1369 -842150451

OFFICES 5 356 -842150451

CNN/ACCOMPANIED 2 713 -842150451

KEW1500 1 351 -842150451

PASSENGER/FAMILY 4 1302 -842150451

UPGRADE/REROUTING 1 1594 -842150451

NOSHOW/CANCEL/REFUND 1 1554 -842150451

DATES 2 575 -842150451

DATE/ 2 74 -842150451

POTENTIALLY 2 1031 -842150451

DIVIDED 1 863 -842150451

ATLEAST 5 1296 -842150451

GLOBAL 2 1115 -842150451

CENT 1 989 -842150451

MAXIMUM 3 1335 -842150451

HIGH 3 997 -842150451

EFFECT 42 282 -842150451

JAPAN// 3 297 -842150451

DETAIL 3 1598 -842150451

COMMENCING 7 423 -842150451

SINGLE 5 629 -842150451

COMPONENT 106 97 -842150451

H-/U-/M-/B- 1 949 -842150451

Z-/D-/C- 1 953 -842150451

CHANGE/REROUTING/EXTENSION/ 1 1438 -842150451

RESTRICTED 6 613 -842150451

PASSENGER/IMMEDIATE 6 597 -842150451

JOURNEY/PRICING 1 1637 -842150451

GATE 1 1170 -842150451

PARENTS/ 1 1145 -842150451

CHANGE/CANCEL 3 369 -842150451

DATE/TIME 2 1084 -842150451

PURELY 2 991 -842150451

EXEMPT 1 1218 -842150451

SAVER 4 1116 -842150451

NOSHOW 21 605 -842150451

DEADLINE/MINIMUM/MAXIMUM 1 406 -842150451

INFANT-NOT 1 793 -842150451

CLOSED 1 630 -842150451

WHICH 16 480 -842150451

EXCLUSIVE 3 472 -842150451

LEVIED 7 455 -842150451

NEAREST 1 973 -842150451

JOURNEY 139 98 -842150451

AVAILABILITY 1 938 -842150451

COMPLETED 17 152 -842150451

WHERE 29 91 -842150451

CHILDREN/INFANT 1 712 -842150451

WWW.JETSTAR.COM/AU/EN/PLANNING-AND- 1 450 -842150451

INTERNATIONAL 25 307 -842150451

DOWNGRADING 2 783 -842150451

ISSUE/REISSUE 1 381 -842150451

INVENTORY 2 1069 -842150451

QUALIFYING 2 1351 -842150451

TRAVELLING 5 639 -842150451

TAX-IF 1 1437 -842150451

FOLLOWS 11 618 -842150451

CHARGING 3 854 -842150451

ILLNESS/DEATH 3 1128 -842150451

REFUDNDABLE 1 569 -842150451

SAMEDAY 1 1485 -842150451

CATCHILDREN/INFANT 2 680 -842150451

SCHEDULED 37 244 -842150451

WHOLE 7 1326 -842150451

FAMILY 56 124 -842150451

REISSUES/EXCHANGES 1 1455 -842150451

CHECKED 1 1171 -842150451

EMBASSY 5 577 -842150451

ADD-ON 1 1247 -842150451

CHILDREN/ 1 1144 -842150451

/REFUND 1 1057 -842150451

AGENTS 3 445 -842150451

AGENCY 4 992 -842150451

EXCEPTION 13 580 -842150451

CHILD/PARENTS 1 844 -842150451

BOOKED 11 821 -842150451

ISSUED 22 229 -842150451

ISSUES 1 1223 -842150451

REBOOKING/REISSUE/PAYMENT 2 1388 -842150451

BRAZIL 3 579 -842150451

SHA/PVG/YNZ/WUX/NKG/NGB/KHN/HFE/TAO/WUH/HIA/CZX 1 1576 -842150451

RUSSIA 5 908 -842150451

///CHANGE/// 1 275 -842150451

STAYING 1 1601 -842150451

INCUR 6 924 -842150451

RELATIVES 1 981 -842150451

INDIA 8 384 -842150451

PENELTY 1 1284 -842150451

SCENARIO 1 893 -842150451

ENTIRED 2 1634 -842150451

IMPORTANT 1 1566 -842150451

REFUND/CANCEL 3 682 -842150451

ILLNESS 10 1018 -842150451

ADDING 1 401 -842150451

EITHER 14 520 -842150451

/PERCENTAGE/ 1 1097 -842150451

REBOOK/REROUTE/REVALIDATE/REISSUE 1 1289 -842150451

- 334 85 -842150451

/ 56 121 -842150451

1 7 344 -842150451

3 5 727 -842150451

2 25 707 -842150451

G 1 1401 -842150451

A 496 1 -842150451

B 1 554 -842150451

Y 3 826 -842150451

X 1 1214 -842150451

DAY/TIME/ROUTING 1 659 -842150451

PAID/REFUNDED 1 857 -842150451

I.E.THOSE 1 765 -842150451

FIRST 60 96 -842150451

DEATH 112 120 -842150451

DONOT 5 1085 -842150451

CHANGES/ 1 671 -842150451

CHANGES- 2 1258 -842150451

CHANGING 5 879 -842150451

SUBSTANTITATED 2 1611 -842150451

CLASS/FARE 1 649 -842150451

F/A/J/C/D/X/I/W/E/Y/B/H/K/M/L/V/S/N/Q/O 1 1384 -842150451

CONTAINED 3 257 -842150451

ADULT 33 534 -842150451

250 1 1168 -842150451

REFUNDED 82 161 -842150451

2-7 1 1340 -842150451

RESERVED 4 840 -842150451

NDABLE 1 1629 -842150451

-FL 1 884 -842150451

-CO 1 731 -842150451

CANCELLED/REFUNDED 1 1563 -842150451

PRESENTATION 1 1206 -842150451

DEPARTURE-WHOLLY 1 573 -842150451

RESTICTIVE 1 929 -842150451

MOTHER 3 1138 -842150451

DOWNGRADE 3 858 -842150451

REFUND/CHANGE 1 1173 -842150451

PARTIES 2 1415 -842150451

INF 7 260 -842150451

HAS 27 330 -842150451

IND 5 674 -842150451

OCCUR 2 562 -842150451

REMAINING 6 515 -842150451

PARTIAL 11 696 -842150451

2-11 9 706 -842150451

BOTTOM 2 1490 -842150451

OUTBOUND 28 241 -842150451

RRTG 2 19 -842150451

VOUCHER 3 538 -842150451

RUIX 1 1477 -842150451

RECOVERED 3 529 -842150451

RULE 53 195 -842150451

FRA 4 1034 -842150451

I/B 1 1325 -842150451

FLT 4 1123 -842150451

FOC 8 81 -842150451

FOP 1 1643 -842150451

FOR 929 51 -842150451

NO-SHOWS 4 519 -842150451

FEE 558 47 -842150451

I.E 8 476 -842150451

FFP 1 1588 -842150451

FIX 1 882 -842150451

WAIVED 65 119 -842150451
CORRECTION 2 876 -842150451

WAIVER 30 173 -842150451
GRP 1 288 -842150451

GST 9 478 -842150451

GDS 2 1395 -842150451

ITS 4 1494 -842150451

HIS 1 780 -842150451

HIP 2 1048 -842150451

HIG 1 1403 -842150451

HER 1 1404 -842150451

FACILITY 4 802 -842150451

ADJUSTMENTS 1 1466 -842150451

/DIRECTION 2 652 -842150451

U.K. 1 1230 -842150451

U.S. 1 1292 -842150451

CLASS/SEASONALITY 1 408 -842150451

CHILD- 1 1155 -842150451

CHANGE/NO-SHOW 2 1175 -842150451

728 1 1355 -842150451

TOWARDS 15 544 -842150451

REALIZED 1 1159 -842150451

V-/Q-/H-/U-/M-/B- 1 945 -842150451

EQUAL 34 545 -842150451

COUPON/S 1 838 -842150451

LEVEL 7 655 -842150451

BFLKR 1 1429 -842150451

BFLEU 1 1428 -842150451

FLIGHT 325 37 -842150451

-NO 1 1294 -842150451

-IF 3 463 -842150451

-IN 5 425 -842150451

-TO 2 1334 -842150451

GRANDCHILDREN/ 1 1149 -842150451

OCCURRED 2 768 -842150451

AUTOPRICING 1 1480 -842150451

ELIGIBILITY 3 789 -842150451

INFANT 71 206 -842150451

RETAINS 1 1467 -842150451

UPGRADING/NO-SHOW 1 1282 -842150451

TRAVELBANK 2 553 -842150451

NON-REBOOKABLE 1 1318 -842150451

SUBSTANTIATED 7 176 -842150451

MILEAGE 9 1051 -842150451

PR/USV1 1 1503 -842150451

H-KCO 1 774 -842150451

APPLY 243 168 -842150451

CHNGS 1 1552 -842150451

IMPOSED 17 497 -842150451

ALSO 17 399 -842150451

AMOU 1 1518 -842150451

--VOID 1 1182 -842150451

ADJUSTMENT 1 847 -842150451

ASIA 16 905 -842150451

CURRENT 15 101 -842150451

ILLNESS/INJURY 10 174 -842150451

ROUTING/DATE/FLIGHT/BOOKING 2 648 -842150451

PART 2 1514 -842150451

CARRIER/TO 2 1162 -842150451

APPLICABLE 176 72 -842150451

REROUTINGS 5 1465 -842150451

DATE/FLIGHT/ENROUTE 1 40 -842150451

INF/INFANT 1 1337 -842150451

300 1 1169 -842150451

AUTO 1 1504 -842150451

PASSENGERS 20 376 -842150451

AREA 8 726 -842150451

PASSENGER/ 6 212 -842150451

TYPES 8 471 -842150451

CONDUCTORS 1 1570 -842150451

TYPE- 1 875 -842150451

HOSPITAL/DEATH 3 1129 -842150451

COMPONENT/DIRECTION 2 698 -842150451

YQ/CARRIER 1 496 -842150451

AFRICA 6 788 -842150451

.NO 4 444 -842150451

/TO 2 428 -842150451

PACIFIC 3 1026 -842150451

-VU/-VO/ 2 138 -842150451

CHECK 13 886 -842150451

BROTHERS 2 1133 -842150451

CHANGES/REFUND 1 1056 -842150451

REISSUANCE 21 386 -842150451

SPOUSE 2 1131 -842150451

ARRIVING 2 1032 -842150451

EXCEPT- 1 810 -842150451

REISS 2 348 -842150451

DESTINATION 2 1273 -842150451

D/I/C/J 1 753 -842150451

REGULATED 2 524 -842150451

REISSUE-REROUTING/UPGRADE- 1 1176 -842150451

NCELLATION 1 1324 -842150451

SPOUSE/CHILDREN/PARENTS 1 1364 -842150451

WITHIN/BETWEEN 1 1501 -842150451

YR/YQ 5 1538 -842150451

MISTAKE 1 878 -842150451

REFER 7 663 -842150451

ADC- 1 1558 -842150451

RE-BOOKING/ 2 1041 -842150451

DOUBLE 2 728 -842150451

REFUND/CANCELLATION 3 681 -842150451

ABLE 1 504 -842150451

SURCHARGE/FARE 4 232 -842150451

NONREF/ZA/FULL 1 1450 -842150451

SPECIFIED 8 117 -842150451

NAMECHANGE/REISSUE 1 92 -842150451

SPECIFIES 3 568 -842150451

APPL 2 454 -842150451

EXCEPT 11 215 -842150451

EXCEED 1 1185 -842150451

SIDE 2 798 -842150451

B/REISSUED 1 556 -842150451

ANY- 3 464 -842150451

ENTIRE 24 149 -842150451

ORIGINAL 197 58 -842150451

APLY 3 697 -842150451

WESTJET 2 977 -842150451

O-/E-/N- 1 1560 -842150451

DAY/TIME 2 758 -842150451

DETAILS 1 735 -842150451

SAME 113 13 -842150451

SALE 3 289 -842150451

RULES/FUEL 1 1625 -842150451

FARE/TAX/CHARGES 1 1110 -842150451

INDIA.EVEN 1 688 -842150451

-FOR 1 1418 -842150451

PRM/50PCT- 1 1452 -842150451

STATEMENT 5 578 -842150451

C-CLASS 1 860 -842150451

NEGOTIATED 1 1262 -842150451

CONTECT 1 794 -842150451

BUSINESS 7 582 -842150451

IROE/ 1 1624 -842150451

CHINA 12 984 -842150451

CHILD 54 59 -842150451

BROTHER 3 1140 -842150451
PRM- 1 1449 -842150451

FLIGHT/SAME 1 1587 -842150451

TRIPS/CIRCLE 3 723 -842150451

DATE/FLIGHT/FARE 2 664 -842150451

OPTIONAL 2 1521 -842150451

PSGR 13 714 -842150451

REISSUES/CHANGES 1 1362 -842150451

WHOLLY 7 255 -842150451

PLUS 60 637 -842150451

FARES/TAXES/BSR 2 1158 -842150451

PARAGRAPH/ 1 1469 -842150451

APPLIC 1 1190 -842150451

PAGE 2 1489 -842150451

CERTIFABLE 1 1609 -842150451

PAID 117 71 -842150451

CHILDREN 15 535 -842150451

REBOOKING/REISSUE 3 1073 -842150451

PROVIDED 47 42 -842150451

CONTACT 2 734 -842150451

OTHERS 2 470 -842150451

FEDERAL 2 1036 -842150451

REQUIRE 1 620 -842150451

AGE 6 615 -842150451

AIR 1 322 -842150451

ADC 6 432 -842150451

ADD 3 1246 -842150451

ANY 256 110 -842150451

AND 446 20 -842150451

TRANSFERS 4 1580 -842150451

ALL 148 128 -842150451

ARE 169 10 -842150451

ARC 1 890 -842150451

ATC 1 899 -842150451

REVALIDATION/REISSUE/EXCHANGE 1 502 -842150451

C/J 1 756 -842150451

25.00CAD/25.00USD 2 928 -842150451

50.00CAD/28.00GBP 1 927 -842150451

MNL 1 1232 -842150451

MCO 1 1387 -842150451

MET 15 131 -842150451

MPD 2 1200 -842150451

FORFEITED 6 443 -842150451

CHARGES 53 459 -842150451

MAX 2 1366 -842150451

CHARGE- 1 1543 -842150451

CHARGE/ 1 1188 -842150451

CHARGED 27 509 -842150451

SUCCEEDING 2 1495 -842150451

LOW 1 1383 -842150451

LEG 12 657 -842150451

LAW 16 570 -842150451

HISTORIC 1 1322 -842150451

REVALIDATE 1 1288 -842150451

DEPARTURE 565 32 -842150451

ISSUED/LESS 1 1352 -842150451

-HIGHER 1 622 -842150451

-REBOOK 1 1386 -842150451

EQUIAL 1 1621 -842150451

RESIDUAL 21 508 -842150451

DOMESTIC 20 77 -842150451

ONCE 13 254 -842150451

ONLY 85 18 -842150451

OPEN 9 303 -842150451

CLS 6 24 -842150451

CHK 2 267 -842150451

CAD 2 1421 -842150451

CAT 1 711 -842150451

CAN 32 292 -842150451

BKG 7 23 -842150451

BCC 1 1308 -842150451

CNL 3 1089 -842150451

REQUIRING 28 380 -842150451

PROVISION 1 1198 -842150451

CONSTRUCTIONS- 2 1242 -842150451

E.G 3 393 -842150451

BOX 4 1022 -842150451

RANGE 7 327 -842150451

OVER 2 1534 -842150451

/EXCEPT 1 1662 -842150451

PAYMENT 30 164 -842150451

SENT 2 1632 -842150451

CONJUNCTION 1 306 -842150451

SEAT 85 113 -842150451

REQUESTED 8 5 -842150451

TREATED 2 1298 -842150451

INS/INFANT 2 1338 -842150451

CANCEL/REFUND 19 196 -842150451

OTHERWISE 24 116 -842150451

REMAINDER 1 549 -842150451

BCC/FARE 2 1317 -842150451

VALUE/LESS 1 1468 -842150451

TICKETS-ORIGINAL 2 634 -842150451

REQUEST 32 600 -842150451

DUE 9 211 -842150451

FARE/TAX/FEE/CHARGE 1 862 -842150451

BUT 20 332 -842150451

BSP 1 1006 -842150451

COMBINATIONS 8 720 -842150451

SHOW 191 49 -842150451

DCC 3 1541 -842150451

DAY 23 103 -842150451

ETC 8 409 -842150451

EOU 1 1457 -842150451

ERU 1 1456 -842150451

DEPARTURE- 3 433 -842150451

ENT 1 1506 -842150451

END 4 796 -842150451

EMD 11 651 -842150451

WAITLIST 4 785 -842150451

TAXES/CURRENCY 2 234 -842150451

SURNAMES 1 880 -842150451

COLLECT 16 109 -842150451

GIVEN 6 66 -842150451

UN-UTILIZED 1 1009 -842150451

FUTURE 2 560 -842150451

CANCEL 38 378 -842150451

REFUND- 1 1167 -842150451

REFUNDS 13 252 -842150451

BOOKINGS 114 53 -842150451

COMFIRM 1 1357 -842150451

INSTRUCTIONS 2 1396 -842150451

REBOOKING/REROUTING 3 1382 -842150451

CERTIFIED 1 1015 -842150451

YNN0OG1A 1 1422 -842150451

WAIVERS 10 930 -842150451

APLLY 2 1196 -842150451

ACTUALLY 4 1427 -842150451

NORMAL 14 153 -842150451

DATE/FLIGHT/ROUTE 1 757 -842150451

FURTHER 9 963 -842150451

DOWNSELLING 1 784 -842150451

SUBPOENA 1 1208 -842150451

100.00 1 686 -842150451

STRICTER 3 920 -842150451

INVOLUNTARY 3 1219 -842150451

BETWEEN 92 70 -842150451

NORDIC 2 1330 -842150451

DISTRIBUTION 3 1542 -842150451

CALCULATION 4 598 -842150451

AIRPORTS 3 804 -842150451

CLASS 61 17 -842150451

NOTICE 11 374 -842150451

REFUND/REISSUE 5 188 -842150451

DOCUMENTATION 8 62 -842150451

NEXT 16 132 -842150451

NEED 1 1562 -842150451

REISSUE/NO-SHOW 2 1042 -842150451

ESTABLISHED 8 1244 -842150451

TELEPHONE 1 1151 -842150451

NAME 31 84 -842150451

REPRICED 14 279 -842150451

TAKE 1 1532 -842150451

1/AFTER 1 1603 -842150451

FARE- 2 1178 -842150451

FARES 206 134 -842150451

HOSPITALIZATION 1 1052 -842150451

NO-SHOW 108 186 -842150451

LESS 62 162 -842150451

WEBSITE 1 594 -842150451

POLICY- 4 586 -842150451

TRANSPACIFIC 4 1003 -842150451

CERTIFICATE 51 172 -842150451

MEANS 6 421 -842150451

ENDORSED 2 1445 -842150451

REMAINS 50 265 -842150451

NONREF/PEX 4 1522 -842150451

TICKET/VALIDITY 4 584 -842150451

USED 118 155 -842150451

INVALID 1 1172 -842150451

MONTH 2 1045 -842150451

MONEY 1 1274 -842150451

[ORDINAL] 9 216 -842150451

UPGR 1 1584 -842150451

LAW/ 4 1150 -842150451

LAWS 2 767 -842150451

LAST 3 1000 -842150451

REMAIN 10 511 -842150451

REMARK 2 263 -842150451

SEQUENCE 10 1064 -842150451

MUST 271 175 -842150451

PASSENGER 149 8 -842150451

UPON 21 163 -842150451

SURFACE 3 850 -842150451

INCREASED 4 653 -842150451

MISC 1 498 -842150451

REPRICE 6 422 -842150451

TABLE 7 28 -842150451

UNIT 60 151 -842150451

REISSUED 81 517 -842150451

REISSUES 18 599 -842150451

REISSUE/ 2 1174 -842150451

UMRA 1 829 -842150451

ISSUE 16 588 -842150451

AY/TF/WF 2 1329 -842150451

COMFORT 1 730 -842150451

RIGHT 1 1087 -842150451

[CURRENCY] 693 48 -842150451

-REVISED- 1 484 -842150451

CANCEL/NO-SHOW 3 1417 -842150451

COUNTRY 14 90 -842150451

ACCOMPANYING 10 122 -842150451

EARLIER 18 616 -842150451

Q-/H-/U-/M-/B- 1 947 -842150451

COMPULSORY 3 474 -842150451

JL/AA/AY/BA/IB 3 623 -842150451

SURCHARGE/TAXES/ 1 1626 -842150451

MOWT 1 1165 -842150451

INCLUSIVE 2 700 -842150451

INTO 7 552 -842150451

MEET 1 1516 -842150451

MOST 49 146 -842150451

MORE 35 194 -842150451

EXCHANGES 1 1453 -842150451

EXCHANGED 5 236 -842150451

CAPPED 1 1513 -842150451

EXCHANGEABLE 1 1553 -842150451

UNACCOMPANIED 4 790 -842150451

TYPE 17 670 -842150451

JOURNEYS 16 868 -842150451

JOURNEY- 1 563 -842150451

JOURNEY/ 3 660 -842150451

EXPIRED 2 808 -842150451

PURPOSE 4 1106 -842150451

OFFICIAL 8 739 -842150451

FAILS 19 368 -842150451

-PERMITTED 1 1347 -842150451

RESTRICTIONS 11 759 -842150451

FLIGHT/DATE 4 334 -842150451

TRIP 14 607 -842150451

UPGRADE 38 631 -842150451

ENTRY 1 1093 -842150451

VALIDITY 28 191 -842150451

ENTER 1 1020 -842150451

CHANGE/CANCELLATION 5 708 -842150451

ITINERARY 57 278 -842150451

ALONG 5 1054 -842150451

ALLOW 2 815 -842150451

AUH/DXB/AAN 2 967 -842150451

TOUR 5 1300 -842150451

FULL 27 818 -842150451

COMPETENT 3 763 -842150451

FUEL 19 312 -842150451

-NONREF/PEX- 5 1517 -842150451

HAVE 15 469 -842150451

FUND 1 1306 -842150451

THAN 125 299 -842150451

THAT 38 251 -842150451

AIRPORT 15 446 -842150451

THIS 35 258 -842150451

THEY 2 1114 -842150451

THEN 27 271 -842150451

TIME 93 203 -842150451

TILL 2 966 -842150451

LOST 1 685 -842150451

HALF 19 144 -842150451

TICKETS 95 304 -842150451

HAJJ 1 828 -842150451

TICKET/ 2 431 -842150451

TICKET- 1 1474 -842150451

AMEND 1 823 -842150451

TC1- 1 1348 -842150451

APPLICAPLE 1 923 -842150451

-SX/-SO 2 136 -842150451

GROUPS 2 827 -842150451

MADE 114 93 -842150451

MAKE 10 816 -842150451

TOTALLY 2 661 -842150451

FLAGSHIP 1 1649 -842150451

TEXT 5 1010 -842150451

JURY 2 1203 -842150451

REP 1 1371 -842150451

REF 3 679 -842150451

RBD 28 527 -842150451

RE- 1 1310 -842150451

WITHINTHE 1 1607 -842150451

SUM 6 178 -842150451

SON 3 1141 -842150451

R/I 4 273 -842150451

SPA 2 717 -842150451

CHANGES 192 9 -842150451

PENALTY 230 118 -842150451

CHANGED 86 438 -842150451

CHANGE/ 3 1104 -842150451

CLOSE 1 1099 -842150451

CARRIER/ROUTING/ 1 223 -842150451

TWO 4 1336 -842150451

THE 1670 7 -842150451

TKT 22 415 -842150451

TAX 35 596 -842150451

EOU/ERU 2 1454 -842150451

DIRECTION 7 346 -842150451

US/ 1 1038 -842150451

USA 1 1370 -842150451

USD 19 636 -842150451

USE 14 500 -842150451

EXCELLENCE 2 852 -842150451

UPSELL 2 851 -842150451

UNLESS 24 115 -842150451

UTILIZATION 2 414 -842150451

RATE 7 413 -842150451

NEW 161 100 -842150451

NIL 3 692 -842150451

TPE/TSA/RMQ/KHH/TNN-KMG/LJG/XIY/INC/LHW/TYN 1 1577 -842150451

REISSUE/REBOOKING 1 669 -842150451

ONE 74 328 -842150451

OSI 1 1568 -842150451

OUT 13 754 -842150451

OWN 2 1633 -842150451

SGD 1 635 -842150451

SET 2 526 -842150451

ITINERRAY 1 1652 -842150451

SEG 3 602 -842150451

SEE 3 931 -842150451

SEL 2 156 -842150451

SIN 1 1233 -842150451

PRM 2 1604 -842150451

PNR 4 1327 -842150451

INCORRECT 1 1179 -842150451

PLZ 4 678 -842150451

PCT 5 440 -842150451

PEX 1 1368 -842150451

PER 176 86 -842150451

PCF 2 590 -842150451

AVOID 1 901 -842150451

PAX 14 666 -842150451

U.S 2 1278 -842150451

A-EXCEPTION-UNACCOMPANIED 1 792 -842150451

/NONREF/PEX/ 1 1523 -842150451

-DCC-DISTRIBUTION 1 1411 -842150451

TAXES 57 475 -842150451

MOMENT 2 811 -842150451

NOWSHOW 1 1520 -842150451

LEAST 15 617 -842150451

TAKEN 1 1463 -842150451

[PERCENTAGE] 63 313 -842150451

SUCH 22 1125 -842150451

25.00CAD 1 925 -842150451

EXPIRATION 1 300 -842150451

WAY 24 329 -842150451

WAS 7 417 -842150451

SOLD 3 871 -842150451

WHO 2 377 -842150451

V.V 11 675 -842150451

W/O 1 1215 -842150451

UPGRADE/REISSUE 2 1181 -842150451

ASIA/RUSSIAN 1 1481 -842150451

YET 2 333 -842150451

YOU 2 693 -842150451

ONBOARD 1 936 -842150451

STAY 4 1238 -842150451

WILLTAKE 1 1535 -842150451

D.USE 1 1126 -842150451

BATRAVELTRADE.COM 2 1393 -842150451

PRECEDING 1 521 -842150451

LEVEL/FARE 5 239 -842150451

LIMITED 4 958 -842150451

FILGHTS 1 541 -842150451

UNRESTRICTED 1 861 -842150451

NORRTG/NOEXTN/NOCHNGCLS 1 1309 -842150451

APPLIED/// 1 262 -842150451

IATA 3 1343 -842150451

BELOW 7 964 -842150451

VAT 6 477 -842150451

VIA 8 747 -842150451

EXISTS 3 1078 -842150451

VIZ 1 1253 -842150451

INCLUDE 1 668 -842150451

JAPAN 5 305 -842150451

SEASON 4 998 -842150451

GRANDCHILDREN 2 1136 -842150451

BEING 43 235 -842150451

